

!----------------------------------------------------------------------
! Basis Set Exchange
! Version 0.11
! https://www.basissetexchange.org
!----------------------------------------------------------------------
!   Basis set: aug-cc-pVTZ
! Description: aug-cc-pVTZ
!        Role: orbital
!     Version: 1  (Data from ccRepo/Grant Hill)
!----------------------------------------------------------------------



H:aug-cc-pVTZ
aug-cc-pVTZ

  3
    0    1    2
    4    3    2
    6    3    2

3.387000D+01 5.095000D+00 1.159000D+00 3.258000D-01 1.027000D-01 
0.0252600 

0.000000D+00 6.068000D-03 0.000000D+00 0.00000000 
0.000000D+00 4.530800D-02 0.000000D+00 0.00000000 
0.000000D+00 2.028220D-01 0.000000D+00 0.00000000 
1.000000D+00 5.039030D-01 0.000000D+00 0.00000000 
0.000000D+00 3.834210D-01 1.000000D+00 0.00000000 
0.00000000 0.00000000 0.00000000 1.0000000 

1.407000D+00 3.880000D-01 0.1020000 

1.000000D+00 0.000000D+00 0.00000000 
0.000000D+00 1.000000D+00 0.00000000 
0.00000000 0.00000000 1.0000000 

1.057000D+00 0.2470000 

1.0000000 0.00000000 
0.00000000 1.0000000 

C:aug-cc-pVTZ
aug-cc-pVTZ

  4
    0    1    2    3
    5    4    3    2
   11    6    3    2

8.236000D+03 1.235000D+03 2.808000D+02 7.927000D+01 2.559000D+01 
8.997000D+00 3.319000D+00 9.059000D-01 3.643000D-01 1.285000D-01 
0.0440200 

5.310000D-04 0.000000D+00 -1.130000D-04 0.000000D+00 0.00000000 
4.108000D-03 0.000000D+00 -8.780000D-04 0.000000D+00 0.00000000 
2.108700D-02 0.000000D+00 -4.540000D-03 0.000000D+00 0.00000000 
8.185300D-02 0.000000D+00 -1.813300D-02 0.000000D+00 0.00000000 
2.348170D-01 0.000000D+00 -5.576000D-02 0.000000D+00 0.00000000 
4.344010D-01 0.000000D+00 -1.268950D-01 0.000000D+00 0.00000000 
3.461290D-01 0.000000D+00 -1.703520D-01 0.000000D+00 0.00000000 
3.937800D-02 1.000000D+00 1.403820D-01 0.000000D+00 0.00000000 
-8.983000D-03 0.000000D+00 5.986840D-01 0.000000D+00 0.00000000 
2.385000D-03 0.000000D+00 3.953890D-01 1.000000D+00 0.00000000 
0.00000000 0.00000000 0.00000000 0.00000000 1.0000000 

1.871000D+01 4.133000D+00 1.200000D+00 3.827000D-01 1.209000D-01 
0.0356900 

0.000000D+00 1.403100D-02 0.000000D+00 0.00000000 
0.000000D+00 8.686600D-02 0.000000D+00 0.00000000 
0.000000D+00 2.902160D-01 0.000000D+00 0.00000000 
1.000000D+00 5.010080D-01 0.000000D+00 0.00000000 
0.000000D+00 3.434060D-01 1.000000D+00 0.00000000 
0.00000000 0.00000000 0.00000000 1.0000000 

1.097000D+00 3.180000D-01 0.1000000 

1.000000D+00 0.000000D+00 0.00000000 
0.000000D+00 1.000000D+00 0.00000000 
0.00000000 0.00000000 1.0000000 

7.610000D-01 0.2680000 

1.0000000 0.00000000 
0.00000000 1.0000000 

CL:aug-cc-pVTZ
aug-cc-pVTZ

  4
    0    1    2    3
    6    5    3    2
   16   10    3    2

4.561000D+05 6.833000D+04 1.555000D+04 4.405000D+03 1.439000D+03 
5.204000D+02 2.031000D+02 8.396000D+01 3.620000D+01 1.583000D+01 
6.334000D+00 2.694000D+00 9.768000D-01 4.313000D-01 1.625000D-01 
0.0591000 

4.929700D-05 -1.383040D-05 0.000000D+00 4.185460D-06 0.000000D+00 0.00000000 
3.830290D-04 -1.072790D-04 0.000000D+00 3.243950D-05 0.000000D+00 0.00000000 
2.008540D-03 -5.650830D-04 0.000000D+00 1.711050D-04 0.000000D+00 0.00000000 
8.385580D-03 -2.361350D-03 0.000000D+00 7.141760D-04 0.000000D+00 0.00000000 
2.947030D-02 -8.458860D-03 0.000000D+00 2.567050D-03 0.000000D+00 0.00000000 
8.783250D-02 -2.596380D-02 0.000000D+00 7.885520D-03 0.000000D+00 0.00000000 
2.114730D-01 -6.863620D-02 0.000000D+00 2.108670D-02 0.000000D+00 0.00000000 
3.653640D-01 -1.418740D-01 0.000000D+00 4.422640D-02 0.000000D+00 0.00000000 
3.408840D-01 -1.993190D-01 0.000000D+00 6.516700D-02 0.000000D+00 0.00000000 
1.021330D-01 -1.956620D-02 0.000000D+00 6.030120D-03 0.000000D+00 0.00000000 
3.116750D-03 4.997410D-01 0.000000D+00 -2.064950D-01 0.000000D+00 0.00000000 
1.057510D-03 5.637360D-01 0.000000D+00 -4.058710D-01 0.000000D+00 0.00000000 
-3.780000D-04 7.903250D-02 1.000000D+00 7.595580D-02 0.000000D+00 0.00000000 
1.561360D-04 -8.350910D-03 0.000000D+00 7.256610D-01 0.000000D+00 0.00000000 
-5.141260D-05 2.324560D-03 0.000000D+00 3.944230D-01 1.000000D+00 0.00000000 
0.00000000 0.00000000 0.00000000 0.00000000 0.00000000 1.0000000 

6.633000D+02 1.568000D+02 4.998000D+01 1.842000D+01 7.240000D+00 
2.922000D+00 1.022000D+00 3.818000D-01 1.301000D-01 0.0419000 

2.404480D-03 0.000000D+00 -6.521450D-04 0.000000D+00 0.00000000 
1.921480D-02 0.000000D+00 -5.194450D-03 0.000000D+00 0.00000000 
8.850970D-02 0.000000D+00 -2.469380D-02 0.000000D+00 0.00000000 
2.560200D-01 0.000000D+00 -7.281670D-02 0.000000D+00 0.00000000 
4.369270D-01 0.000000D+00 -1.340300D-01 0.000000D+00 0.00000000 
3.503340D-01 0.000000D+00 -9.477420D-02 0.000000D+00 0.00000000 
5.854950D-02 1.000000D+00 2.622890D-01 0.000000D+00 0.00000000 
-4.584230D-03 0.000000D+00 5.646670D-01 0.000000D+00 0.00000000 
2.269700D-03 0.000000D+00 3.412500D-01 1.000000D+00 0.00000000 
0.00000000 0.00000000 0.00000000 0.00000000 1.0000000 

1.046000D+00 3.440000D-01 0.1350000 

1.000000D+00 0.000000D+00 0.00000000 
0.000000D+00 1.000000D+00 0.00000000 
0.00000000 0.00000000 1.0000000 

7.060000D-01 0.3120000 

1.0000000 0.00000000 
0.00000000 1.0000000 


